-0.484404 -3.693874 3.281062 6.121100 -2.248956 3.032106 -1.524456 -2.793104 1.574251 1.518129 5.274351 -1.732937 -0.370077 -0.157900 -5.997057 -0.127118 -2.262587 -2.196113 -1.560370 -1.611887 2.171484 -7.362790 2.936530 -4.525493 3.512302 2.169279 -3.980689 3.224396 2.560514 -1.950795 1.587527 -1.656034 0.240450 0.322048 -3.007908 2.764797 0.421284 -2.049530 -0.986369 1.043660 -0.722796 3.295091 -0.062968 0.296551 0.333294 0.127978 -1.592503 0.623609 -0.918597 0.843717 -5.595217 
-0.341848 1.954077 -1.085166 1.515482 -1.867201 1.078259 -1.269118 -5.029945 1.026023 -1.691400 -1.730363 3.884311 1.541754 -2.430305 -0.233748 0.827987 -1.032972 3.535633 -2.217825 -2.622041 -2.092358 0.793174 -2.218601 -1.445816 4.217666 -2.843630 -1.078374 -0.842927 -0.992485 -1.838629 -1.815841 3.048752 -0.390527 -0.482552 -2.717168 -2.760843 -0.467610 2.189037 1.191831 -1.973812 3.251959 -1.317276 -2.040617 3.849126 2.562576 1.881174 -2.025908 -0.545565 1.114244 0.293617 -0.996778 
-1.572036 1.002088 -2.507096 1.300075 -2.995552 -2.277890 3.782884 2.514476 -2.720260 0.360581 2.612018 0.724042 -4.144362 -4.955316 -3.634524 4.729820 -2.862722 -0.304498 -1.551828 -2.179731 -0.789624 -1.606401 -0.823146 -1.922818 -1.904921 1.872446 1.135172 2.247156 -1.608589 2.114032 -2.880331 2.404759 1.904819 -0.884956 1.317619 -0.079000 -2.885689 -0.321979 1.324570 1.970872 5.281296 1.906588 -1.022556 -5.987280 3.053754 2.199404 -0.338085 -0.090346 2.941101 -2.908032 -3.124086 
-1.292110 -0.241484 -2.309802 -3.544478 1.135352 1.147764 -2.458673 1.237344 1.468942 -2.219682 2.074779 -3.240381 0.358397 -1.337760 1.881789 -0.352514 0.948959 1.814139 -1.271767 1.877290 -2.674083 -1.766158 -4.696473 -3.552352 -3.246364 2.786375 5.708231 -4.882883 3.601882 2.874037 -0.218580 -2.876724 4.698514 -2.291016 -2.184538 -2.016135 -0.034211 -2.907156 -1.344089 -1.596567 0.933751 1.376791 1.437310 3.932233 1.352110 -1.721516 1.656277 -0.847915 -1.429805 0.526145 -0.205987 
-2.339812 -1.606731 -2.736248 4.005520 2.247708 -3.267791 -2.292425 0.778652 -5.261971 2.090908 -1.423639 -0.544250 -1.049906 1.174944 6.771527 -1.843975 0.437828 -1.066126 0.103094 -0.445025 0.067881 1.363545 2.826743 3.484517 1.911884 2.178270 -1.004749 -1.769242 -0.115131 0.433745 -2.948400 -1.868800 -0.698106 2.581844 3.122840 -1.865712 -2.779488 -1.896447 -1.913107 -0.513324 -2.379439 3.212554 1.917498 1.708174 1.111502 -2.043744 -2.493264 -3.481419 3.309498 2.531819 -2.819579 
-2.696102 2.555090 1.144161 4.024462 0.366951 -4.105550 1.768251 -3.897021 2.194503 1.473621 -2.431066 -2.648617 2.059626 -1.320165 -2.053922 -0.651227 1.341935 -0.731939 2.973276 -1.507614 1.459060 0.871997 2.357634 0.101344 -1.090581 1.637812 3.040324 -0.897523 -0.189405 -1.478987 0.949786 -0.462446 -0.126026 2.871810 -3.326998 -3.843949 -0.653436 -2.198907 -1.362084 -2.355531 -0.171533 -0.999530 -2.177788 -3.064806 -2.789518 1.818825 1.900273 2.615751 2.501086 -1.103504 3.499151 
0.214984 -2.112755 0.703988 -0.459013 0.737369 -2.629900 -3.204770 0.579772 -0.616964 -0.120127 -0.957797 3.920663 -3.435613 -0.529193 2.638278 -0.908947 -0.513154 -0.342905 2.190314 2.270409 0.063690 0.251665 -1.295362 -1.469819 -2.481454 -2.914061 -1.926634 -3.454514 -1.883437 3.320523 0.930399 -2.202926 4.576487 -2.048522 -2.697412 3.610192 -1.352490 2.601085 -0.126949 -1.864645 -3.875644 -1.036830 0.488996 -3.317369 -3.016147 0.474572 -1.556024 4.366090 4.641448 3.857862 -0.069065 
-1.878954 -1.737375 -0.622534 -1.355941 -3.366026 1.774370 1.865466 1.011433 -3.092460 -2.106993 -2.379456 -1.762472 2.632841 1.998045 -0.532868 -1.490225 -2.167781 1.132801 3.157850 -2.424288 0.278962 0.852656 -1.702674 -1.742551 0.405926 -0.862228 -0.702271 0.344072 -1.102868 -1.048957 3.685780 -2.817619 -1.698489 2.511154 2.753939 -0.184033 -1.137157 0.686806 1.865372 -1.048847 -0.751700 -0.822158 4.068589 -1.373159 1.707555 0.078433 0.386913 -0.237741 -3.154483 -2.391998 0.295348 
-1.619813 -0.425246 0.586673 -3.161034 1.478278 0.102991 3.588296 0.674881 2.190240 -1.559110 3.699452 -1.667473 -0.705680 2.663659 -1.159451 -4.575043 0.846765 -2.326282 -4.295765 4.812966 -2.708439 2.978655 1.029034 1.758101 -0.225201 -3.289612 -0.556479 0.110507 -0.525555 -2.175335 -2.725627 3.517798 -3.398331 -3.261344 4.395986 -1.098424 1.241463 -0.915495 -3.251915 1.909145 -2.160034 -0.995600 -4.199153 -2.152269 -1.558088 2.715120 0.943106 -2.363034 -5.680477 2.252466 1.790962 
-0.723368 2.864486 -0.924873 -5.060074 0.330119 0.984968 -2.961267 2.040169 -0.014354 0.854093 0.726031 1.306001 -0.758825 1.898387 -2.896636 5.922378 -0.243314 -1.570397 0.992954 -1.607567 2.202435 3.292583 -1.505617 6.034204 -2.351360 2.240410 -1.556162 3.487700 -1.718443 -0.681566 -0.189002 -1.156338 -3.606476 -2.056726 -3.540598 1.678210 3.994157 -1.361298 -0.013827 2.786988 2.232801 -5.385419 0.244491 3.102768 -5.600441 -7.899921 -1.343144 -1.081686 0.418099 -1.866239 0.230024 
